$ 1 0.000005 10.20027730826997 50 5 50 5e-11
d 160 240 208 240 2 default
d 160 400 208 400 2 default
d 592 544 640 544 2 default
t 272 320 320 320 0 1 -3.07257527299536e-19 -3.0905917100461523e-19 100 default
w 208 240 272 240 0
w 272 240 272 272 0
r 272 272 272 320 0 220000
w 208 400 272 400 0
w 272 400 272 368 0
r 272 368 272 320 0 220000
w 160 144 320 144 0
w 320 144 320 176 0
r 320 176 320 208 0 47000
w 320 208 320 304 0
w 320 336 320 672 0
w 320 672 160 672 0
t 384 240 416 240 0 1 -3.0725751068835897e-19 -3.0905923928101345e-19 100 default
d 320 304 352 304 2 default
w 352 304 384 304 0
r 384 304 384 240 0 220000
w 272 240 336 240 0
r 336 240 384 240 0 220000
t 432 400 464 400 0 1 -3.0725751068835897e-19 -3.0905923928101336e-19 100 default
w 272 400 368 400 0
r 368 400 400 400 0 220000
w 416 256 416 672 0
w 416 672 320 672 0
r 416 192 416 160 0 47000
w 416 160 416 144 0
w 416 144 320 144 0
w 416 224 416 192 0
w 432 400 400 400 0
w 416 144 464 144 0
w 464 144 464 288 0
r 464 288 464 336 0 47000
w 384 304 432 304 0
w 432 304 432 352 0
r 432 352 432 400 0 220000
w 464 416 464 672 0
w 464 672 416 672 0
w 464 336 464 384 0
t 512 320 544 320 0 1 2.1425440995126092e-18 2.140742570948132e-18 100 default
w 416 224 480 224 0
d 480 224 512 224 2 default
d 480 384 512 384 2 default
w 464 384 480 384 0
w 512 224 512 256 0
r 512 256 512 288 0 220000
r 512 368 512 336 0 220000
w 512 336 512 320 0
w 512 368 512 384 0
w 512 288 512 320 0
w 464 144 544 144 0
r 544 176 544 224 0 47000
w 544 144 544 176 0
w 544 224 544 272 0
w 544 336 544 672 0
w 544 672 464 672 0
x 346 348 399 351 4 24 xor\s1
w 544 272 544 304 0
d 592 272 640 272 2 default
w 544 272 592 272 0
w 544 144 720 144 0
w 160 544 592 544 0
t 688 320 720 320 0 1 -3.072578459227401e-19 -3.0905948962781664e-19 100 default
w 640 544 688 544 0
w 688 544 688 384 0
r 688 320 688 384 0 220000
r 688 320 688 272 0 220000
w 688 272 640 272 0
w 720 144 720 208 0
r 720 208 720 256 0 47000
w 720 256 720 304 0
w 720 336 720 672 0
w 720 672 544 672 0
t 800 272 832 272 0 1 -3.0725778799384606e-19 -3.090595048003714e-19 100 default
r 736 272 784 272 0 220000
r 800 304 800 272 0 220000
d 736 304 768 304 2 default
w 720 144 832 144 0
w 720 304 736 304 0
w 784 272 800 272 0
w 736 272 688 272 0
w 832 144 832 208 0
r 832 256 832 208 0 47000
w 832 288 832 672 0
w 832 672 720 672 0
t 848 352 880 352 0 1 -3.0725773488994585e-19 -3.0905945169646865e-19 100 default
r 800 320 800 352 0 220000
w 800 304 800 320 0
w 800 352 848 352 0
r 880 336 880 288 0 47000
w 832 144 880 144 0
w 880 144 880 288 0
w 880 368 880 672 0
w 880 672 832 672 0
w 688 384 752 384 0
w 848 384 848 352 0
w 816 384 848 384 0
r 752 384 816 384 0 220000
d 864 256 912 256 2 default
d 880 336 912 336 2 default
w 864 256 832 256 0
w 880 144 928 144 0
t 944 288 976 288 0 1 1.6459715429919346e-18 1.6441699570537846e-18 100 default
r 912 256 944 256 0 220000
r 912 336 944 336 0 220000
w 944 256 944 288 0
w 944 288 944 336 0
w 976 144 976 224 0
r 976 224 976 272 0 47000
w 976 304 976 672 0
w 976 672 928 672 0
w 976 272 1072 272 0
w 1072 272 1072 336 0
w 768 304 800 304 0
w 768 304 768 448 0
w 384 304 384 496 0
w 384 496 704 496 0
r 752 496 704 496 0 220000
r 768 448 768 496 0 220000
w 752 496 768 496 0
w 768 496 912 496 0
w 928 144 976 144 0
w 928 144 928 384 0
r 928 384 928 416 0 47000
t 912 496 928 496 0 1 -3.0725770947336845e-19 -3.090593872132038e-19 100 default
w 928 416 928 480 0
w 928 512 928 672 0
w 928 672 880 672 0
w 928 480 1072 480 0
w 1072 480 1072 496 0
x 730 362 783 365 4 24 xor\s2
x 883 553 923 556 4 24 and
207 160 144 128 144 4 VCC
207 160 240 128 240 4 A
207 160 400 128 400 4 B
207 160 544 128 544 4 Carry
207 160 672 128 672 4 GND
207 1072 336 1104 336 4 Out
207 1072 496 1104 496 4 CarryOut
