$ 1 0.000005 10.20027730826997 50 5 50 5e-11
R 160 144 112 144 0 0 40 5 0 0 0.5
g 160 672 128 672 0 0
L 160 240 128 240 0 1 false 5 0
L 160 400 128 400 0 1 false 5 0
L 160 544 128 544 0 1 false 5 0
d 160 240 208 240 2 default
d 160 400 208 400 2 default
d 592 544 640 544 2 default
t 272 320 320 320 0 1 0.5096724032006965 0.550910961245888 100 default
w 208 240 272 240 0
w 272 240 272 272 0
r 272 272 272 320 0 220000
w 208 400 272 400 0
w 272 400 272 368 0
r 272 368 272 320 0 220000
w 160 144 320 144 0
w 320 144 320 176 0
r 320 176 320 208 0 47000
w 320 208 320 304 0
w 320 336 320 672 0
w 320 672 160 672 0
t 384 240 416 240 0 1 0.490843219191473 0.5447332817542501 100 default
d 320 304 352 304 2 default
w 352 304 384 304 0
r 384 304 384 240 0 220000
w 272 240 336 240 0
r 336 240 384 240 0 220000
t 432 400 464 400 0 1 0.4908432191914735 0.54473328175425 100 default
w 272 400 368 400 0
r 368 400 400 400 0 220000
w 416 256 416 672 0
w 416 672 320 672 0
r 416 192 416 160 0 47000
w 416 160 416 144 0
w 416 144 320 144 0
w 416 224 416 192 0
w 432 400 400 400 0
w 416 144 464 144 0
w 464 144 464 288 0
r 464 288 464 336 0 47000
w 384 304 432 304 0
w 432 304 432 352 0
r 432 352 432 400 0 220000
w 464 416 464 672 0
w 464 672 416 672 0
w 464 336 464 384 0
t 512 320 544 320 0 1 -3.6910001029022346 0.05389104956119022 100 default
w 416 224 480 224 0
d 480 224 512 224 2 default
d 480 384 512 384 2 default
w 464 384 480 384 0
w 512 224 512 256 0
r 512 256 512 288 0 220000
r 512 368 512 336 0 220000
w 512 336 512 320 0
w 512 368 512 384 0
w 512 288 512 320 0
w 464 144 544 144 0
r 544 176 544 224 0 47000
w 544 144 544 176 0
w 544 224 544 272 0
w 544 336 544 672 0
w 544 672 464 672 0
x 346 348 399 351 4 24 xor\s1
w 544 272 544 304 0
d 592 272 640 272 2 default
w 544 272 592 272 0
w 544 144 720 144 0
w 160 544 592 544 0
t 688 320 720 320 0 1 0.505402588099394 0.5492525429934876 100 default
w 640 544 688 544 0
w 688 544 688 384 0
r 688 320 688 384 0 220000
r 688 320 688 272 0 220000
w 688 272 640 272 0
w 720 144 720 208 0
r 720 208 720 256 0 47000
w 720 256 720 304 0
w 720 336 720 672 0
w 720 672 544 672 0
t 800 272 832 272 0 1 0.4810573939248776 0.5425866468006593 100 default
r 736 272 784 272 0 220000
r 800 304 800 272 0 220000
d 736 304 768 304 2 default
w 720 144 832 144 0
w 720 304 736 304 0
w 784 272 800 272 0
w 736 272 688 272 0
w 832 144 832 208 0
r 832 256 832 208 0 47000
w 832 288 832 672 0
w 832 672 720 672 0
t 848 352 880 352 0 1 0.49083831864473 0.5447333920798809 100 default
r 800 320 800 352 0 220000
w 800 304 800 320 0
w 800 352 848 352 0
r 880 336 880 288 0 47000
w 832 144 880 144 0
w 880 144 880 288 0
w 880 368 880 672 0
w 880 672 832 672 0
w 688 384 752 384 0
w 848 384 848 352 0
w 816 384 848 384 0
r 752 384 816 384 0 220000
d 864 256 912 256 2 default
d 880 336 912 336 2 default
w 864 256 832 256 0
w 880 144 928 144 0
t 944 288 976 288 0 1 -4.942238893559356 0.05776059060788756 100 default
r 912 256 944 256 0 220000
r 912 336 944 336 0 220000
w 944 256 944 288 0
w 944 288 944 336 0
w 976 144 976 224 0
r 976 224 976 272 0 47000
w 976 304 976 672 0
w 976 672 928 672 0
M 1072 336 1120 336 0 2.5
M 1072 496 1120 496 0 2.5
w 976 272 1072 272 0
w 1072 272 1072 336 0
w 768 304 800 304 0
w 768 304 768 448 0
w 384 304 384 496 0
w 384 496 704 496 0
r 752 496 704 496 0 220000
r 768 448 768 496 0 220000
w 752 496 768 496 0
w 768 496 912 496 0
w 928 144 976 144 0
w 928 144 928 384 0
r 928 384 928 416 0 47000
t 912 496 928 496 0 1 -3.5988151703799782 0.4934750337285334 100 default
w 928 416 928 480 0
w 928 512 928 672 0
w 928 672 880 672 0
w 928 480 1072 480 0
w 1072 480 1072 496 0
x 730 362 783 365 4 24 xor\s2
x 883 553 923 556 4 24 and
