$ 1 0.000005 10.20027730826997 50 5 50 5e-11
R -304 176 -352 176 0 0 40 5 0 0 0.5
g -160 976 -208 976 0 0
r -64 400 0 400 0 220000
r -64 560 0 560 0 220000
t 0 400 32 400 0 1 0.4924798202444415 0.544939414914109 100 default
t 0 560 32 560 0 1 0.4925319615978269 0.5483761111403015 100 default
w -240 400 -64 400 0
w -240 560 -64 560 0
w -304 176 32 176 0
w 32 384 32 336 0
w 32 416 32 544 0
w 32 576 32 976 0
w -160 976 32 976 0
r 32 176 32 272 0 47000
w 176 176 176 432 0
w 176 576 176 608 0
t 96 528 128 528 0 1 -0.11694692550233032 0.5196629977536231 100 default
w 176 432 128 432 0
w 128 432 128 512 0
w 128 544 128 576 0
w 128 576 176 576 0
w -64 560 -64 528 0
w -64 528 48 528 0
r 48 528 96 528 0 220000
t 176 480 208 480 0 1 -0.11694692550245733 0.5196629977534961 100 default
w 176 432 208 432 0
w 208 432 208 464 0
w 208 496 208 576 0
w 208 576 176 576 0
r 176 480 144 480 0 220000
w 144 480 -64 480 0
w -64 400 -64 480 0
w 176 752 176 976 0
r 176 688 176 752 0 47000
w 176 976 32 976 0
t 336 336 368 336 0 1 -4.891695156139704 -0.5705543338926425 100 default
t 336 608 368 608 0 1 0.4856213424287894 0.5035495985016023 100 default
r 336 608 288 608 0 220000
r 336 336 288 336 0 220000
w 32 336 112 336 0
w 288 608 176 608 0
w 368 176 368 320 0
w 368 352 368 592 0
r 368 688 368 736 0 47000
w 368 624 368 656 0
w 368 736 368 976 0
w 368 976 176 976 0
r 480 192 480 256 0 47000
w 480 192 480 176 0
t 448 624 480 624 0 1 -1.7967714303629005 0.5169232035141678 100 default
t 448 768 480 768 0 1 0.4936384716618293 0.5324539072475973 100 default
w 448 816 448 768 0
w 448 656 448 624 0
w 480 256 480 320 0
w 480 640 480 752 0
w 480 784 480 976 0
w 480 976 368 976 0
r 448 656 400 656 0 220000
w 400 656 368 656 0
r 448 816 400 816 0 220000
w 400 816 384 816 0
w 608 176 608 448 0
w 608 448 560 448 0
w 608 448 656 448 0
t 624 496 656 496 0 1 -0.2165406138602144 0.5355973337344562 100 default
w 656 448 656 480 0
w 560 448 560 512 0
t 528 528 560 528 0 1 -4.339068093613638 -3.5869301460189673 100 default
r 624 496 592 496 0 220000
r 528 528 496 528 0 220000
w 560 544 560 576 0
w 560 576 608 576 0
w 656 512 656 576 0
w 384 816 384 496 0
w 384 496 592 496 0
w 400 656 400 528 0
w 400 528 496 528 0
w 608 576 608 688 0
w 608 976 480 976 0
t 736 320 768 320 0 1 -2.7087047848406933 0.5029200492770944 100 default
t 736 688 768 688 0 1 0.47248723311792284 0.5155039472964571 100 default
w 768 176 768 304 0
w 768 336 768 672 0
w 768 704 768 752 0
r 768 768 768 816 0 47000
w 768 816 768 976 0
w 768 976 608 976 0
r 736 688 704 688 0 220000
r 736 320 704 320 0 220000
w 704 320 656 320 0
w 704 688 608 688 0
w 608 800 608 976 0
r 608 688 608 800 0 47000
w 768 752 1248 752 0
w 1248 752 1248 480 0
w 1248 480 1392 480 0
w 32 176 176 176 0
w 176 176 368 176 0
w 368 176 480 176 0
w 480 176 608 176 0
w 608 176 768 176 0
w 768 176 832 176 0
w 480 320 480 608 0
w 608 576 656 576 0
w 384 816 -240 816 0
w 368 656 368 688 0
w 176 608 176 688 0
w 32 336 32 272 0
w 768 752 768 768 0
w 112 384 112 336 0
w 112 384 944 384 0
w 112 336 288 336 0
w 656 320 480 320 0
w 656 352 656 320 0
w 656 352 704 352 0
w 832 176 1024 176 0
t 800 352 832 352 0 1 0.4673994480606858 0.5404896875161126 100 default
w 832 176 832 272 0
r 832 272 832 304 0 47000
w 832 304 832 336 0
w 832 368 832 976 0
r 752 352 704 352 0 220000
w 752 352 800 352 0
w 768 976 832 976 0
r 944 384 992 384 0 220000
t 992 384 1024 384 0 1 -4.849822053106835 0.10830481866870348 100 default
w 1024 176 1152 176 0
w 1024 176 1024 240 0
r 1024 240 1024 288 0 47000
w 1024 288 1024 368 0
w 1024 400 1024 976 0
w 832 976 1024 976 0
w 1152 176 1152 384 0
w 1152 384 1120 384 0
w 1120 384 1120 432 0
w 1152 384 1216 384 0
t 1184 416 1216 416 0 1 -4.926908645261493 -4.156017960005495 100 default
w 1216 384 1216 400 0
t 1088 448 1120 448 0 1 -0.23787137666907565 0.5330193085869226 100 default
r 1184 416 1152 416 0 220000
r 1040 448 1088 448 0 220000
w 1120 464 1120 496 0
w 1120 496 1152 496 0
w 1216 432 1216 496 0
w 1040 448 1040 368 0
w 1040 368 1024 368 0
w 1152 416 1072 416 0
w 1072 416 1072 304 0
w 1072 304 832 304 0
r 1152 592 1152 640 0 47000
w 1152 496 1216 496 0
w 1152 640 1152 976 0
w 1152 976 1024 976 0
w 1152 496 1152 560 0
w 1152 560 1392 560 0
w 1152 560 1152 592 0
L -240 400 -272 400 0 1 false 5 0
L -240 560 -272 560 0 1 false 5 0
L -240 816 -272 816 0 1 false 5 0
M 1392 480 1424 480 0 2.5
M 1392 560 1424 560 0 2.5
